진수

10진수  2진수  8진수  16진수(0~9, A~F)
0         0          0        0
1         1          1        1
1        10          2        2
2        11          3        3
3        100         4        4
4        101         5        5
5        110         6        6
6        111         7        7
7        1000       10       8
8                               9
9                               10(A)
                                 11(B)
                                 12(C)
                                 13(D)
                                 14(E)
                                 15(F)
                                 10